"lon"	"lat"	"2016100100000"	"2016100100300"	"2016100101000"	"2016100101300"	"2016100102000"	"2016100102300"	"2016100103000"	"2016100103300"	"2016100104000"	"2016100104300"	"2016100105000"	"2016100105300"	"2016100106000"	"2016100106300"	"2016100107000"	"2016100107300"	"2016100108000"	"2016100108300"	"2016100109000"	"2016100109300"	"2016100110000"	"2016100110300"	"2016100111000"	"2016100111300"	"2016100112000"	"2016100112300"	"2016100113000"	"2016100113300"	"2016100114000"	"2016100114300"	"2016100115000"	"2016100115300"	"2016100116000"	"2016100116300"	"2016100117000"	"2016100117300"	"2016100118000"	"2016100118300"	"2016100119000"	"2016100119300"	"2016100120000"	"2016100120300"	"2016100121000"	"2016100121300"	"2016100122000"	"2016100122300"	"2016100123000"	"2016100123300"
9.6	43.9	0	0	0	0	0	0	0	0	0	0.560594	0.67028	0.866255	1.34	0.05	0.0410127	0.0374035	0.0297564	0.0263297	0	0	0	0.0833529	0.104427	0.20644	0.282852	0.305678	0.325064	0.35908	0.38	0.53859	0.587757	0.655975	0.724678	0.87	0.7	0.98939	0.959762	1.16909	1.46218	2.31	6.58123	10.41	8.54189	6.73295	4.88042	2.93931	1.53676	1.12716
9.6	44	0	0	0	0	0	0	0	0	0	0.0418353	0.0500209	0.0646459	0.1	0	0	0	0	0	0	0	0	2.05311	2.57221	4.88429	6.50829	7.48466	8.05335	8.84471	9.36	6.41475	5.40282	3.49261	2.95884	0.26	0.26	0.646453	0.657142	0.943507	1.27782	2.41	14.5434	25.42	20.8583	16.8888	11.9806	7.17744	3.75259	2.75238
9.6	44.1	0	0	0	0	0	0	0	0	0	0	0	0	0	0	0	0	0	0	0	0	0	0.0360825	0.0695955	0.407733	0.854601	0.561311	0.870671	0.725089	0.806032	0.640465	0.506302	0.361137	0.307284	0.168425	0.156394	1.18557	1.74319	2.59621	3.40619	4.31087	5.35484	6.36805	6.21892	5.84604	4.34005	2.95333	1.71059	0.903161
9.6	44.2	0	0	0	0	0	0	0	0	0	0	0	0	0	0	0	0	0	0	0	0	0	0.0834881	0.166038	0.583181	1.21156	1.1946	1.88869	1.67772	1.865	1.42836	1.14742	0.695717	0.549657	0.183443	1.04388	1.97764	2.51712	3.36101	3.99239	4.8132	4.60041	4.3939	4.291	5.22408	3.3018	2.03777	1.18029	0.623173
9.6	44.3	0	0	0	0	0	0	0	0	0	0	0	0	0	0	0	0	0	0	0	0	0	0.186501	0.379465	0.961884	1.95969	2.65023	3.32654	3.7478	4.16617	3.08434	2.2248	1.32669	0.907315	0	1.02283	3.78018	5.35119	7.74204	9.7296	12.1534	6.69692	1.4012	1.36838	3.20176	1.61391	0.653336	0.37639	0.198727
9.7	43.9	0	0	0	0	0	0	0	0	0	0	0	0	0	0.04	0.0328102	0.0299228	0.0238051	0.0210638	0	0	0	0.596631	0.747479	1.37471	1.80385	2.16617	2.32677	2.57026	2.72	2.57436	2.42979	2.32368	2.40346	2.27	0.69	0.97939	0.976682	1.15988	1.45218	2.3	6.55013	10.36	8.50086	6.68166	4.85697	2.92519	1.52938	1.12174
9.7	44	0	0	0	0	0	0	0	0	0	0.0429538	0.0513582	0.0663742	0.102674	0	0	0	0	0	0	0	0	0.718315	0.899927	1.6587	2.21493	2.60797	2.80442	3.09446	3.27475	2.33204	2.02012	1.38689	1.22589	0.362059	0.194539	0.430571	0.435823	0.606911	0.816188	1.50768	5.09238	8.30575	6.81525	5.48776	3.89873	2.34516	1.22613	0.899315
9.7	44.1	0	0	0	0	0	0	0	0	0	0	0	0	0	0	0.00303125	0.00455666	0.00712547	0.00957168	0.0122363	0.00602666	0	0.060254	0.115522	0.325505	0.833492	0.856225	1.06768	1.21082	1.34599	0.996477	0.709468	0.448387	0.293132	0	0.39156	1.37369	1.87694	2.67135	3.49278	4.35611	5.40553	6.42404	6.27359	5.42602	4.21423	2.9793	1.72563	0.911101
9.7	44.2	0	0	0	0	0	0	0	0	0	0	0	0	0	0	0.00425872	0.00640183	0.0100108	0.0134476	0.0171912	0.00846707	0	0.0463668	0.0888967	0.253079	0.692705	0.658884	0.90792	0.931755	1.03577	0.766812	0.590547	0.328168	0.225572	0	0	1.1637	1.85377	2.84833	3.67456	4.69749	4.48811	4.2849	4.18455	4.04156	2.98966	1.98722	1.15101	0.607714
9.7	44.3	0	0	0	0	0	0	0	0	0	0	0	0	0	0	0	0	0	0	0	0	0	0.126348	0.242536	0.65859	1.42147	1.79544	2.19583	2.539	2.82243	2.08954	1.50731	0.883815	0.614675	0	1.03062	3.80832	5.27598	7.7004	9.80167	12.2434	6.74849	1.41549	1.38234	2.01291	1.20951	0.683797	0.380231	0.200755
9.8	43.9	0	0	0	0	0	0	0	0	0	0	0	0	0	0.04	0.0328102	0.0299228	0.0238051	0.0210638	0	0	0	0.331218	0.414961	0.763166	0.999076	1.20255	1.2917	1.42687	1.51	1.75274	1.76082	1.88695	2.03757	2.26	1.92	1.57489	1.5159	1.15625	1.01106	0	5.43658	10.31	8.45984	6.62232	4.83353	2.91107	1.522	1.11633
9.8	44	0	0	0	0	0	0	0.0553652	0.0687719	0.121175	0.0745203	0.0502191	0.0367196	0	0	0	0	0	0	0	0	0	0.126015	0.241602	0.632276	1.21331	1.7907	2.14646	2.53231	2.81499	2.32486	1.9415	1.42503	1.33853	0.927456	0.969401	1.05022	0.995566	1.06048	1.2246	1.29564	4.24496	7.10739	6.94094	5.73061	4.60743	3.29622	1.90919	1.00802
9.8	44.1	0	0	0	0	0	0	0	0	0	0	0	0	0	0	0.0031868	0.00479048	0.00749109	0.0100628	0.0128641	0.0063359	0	0.0775506	0.148684	0.389108	0.869437	1.10201	1.32283	1.5584	1.73237	1.28253	0.953661	0.547427	0.377279	0	0.407364	0.613444	0.688954	0.851407	1.05809	1.23924	4.00286	6.68506	6.5285	5.47498	4.35105	3.10035	1.79575	0.948121
9.8	44.2	0	0	0	0	0	0	0	0	0	0	0	0	0	0	0.00386646	0.00581216	0.00908875	0.012209	0.0156077	0.00768718	0	0.0551965	0.105825	0.276947	0.784266	0.784356	0.954521	1.10919	1.23301	0.996594	0.769836	0.574765	0.520839	0.32256	0.905248	0.906537	0.89387	0.845838	0.909317	0.91045	1.9322	2.92385	2.85537	2.62332	2.05294	1.356	0.785406	0.41468
9.8	44.3	0	0	0	0	0	0	0	0	0	0	0	0	0	0	0	0	0	0	0	0	0	0.0582251	0.111632	0.318597	0.793457	0.827394	0.997411	1.17005	1.30067	0.962924	0.675513	0.405644	0.283262	0	1.05774	1.77739	2.1665	2.76623	3.33014	3.96273	3.43109	2.91511	2.84684	2.66923	2.07692	1.3918	0.78306	0.413441
9.9	43.9	0	0	0	0	0	0	0.0438019	0.0461057	0.06	0.0348988	0.0276126	0.0212125	0	0	0	0	0	0	0	0	0	0.35754	0.447938	0.823815	1.07847	1.29811	1.39435	1.54026	1.63	2.39382	2.51495	2.96246	3.29008	3.99	9.97	8.42599	7.84882	6.50607	5.90344	1.38	1.30618	1.24	1.01748	0.795866	0.581337	0.350119	0.183053	0.134263
9.9	44	0	0	0	0	0	0	0	0	0	0	0	0	0	0	0	0	0	0	0	0	0	0.119934	0.229944	0.601768	1.13352	1.7043	2.04289	2.41012	2.67917	2.19248	1.87597	1.30704	1.21308	0.804899	3.25984	2.61893	1.978	1.4432	1.23605	0.672666	0.707677	0.741657	0.724288	0.594764	0.480786	0.343961	0.199225	0.105187
9.9	44.1	0	0	0	0	0	0	0	0	0	0	0	0	0	0	0	0	0	0	0	0	0	0.126724	0.242962	0.635836	1.20668	1.80078	2.15855	2.54656	2.83084	2.2945	1.92723	1.33119	1.21519	0.765375	1.90819	1.59262	1.2737	0.971641	0.911718	0.634317	1.09189	1.53599	1.50002	1.23177	0.995721	0.712352	0.412599	0.217845
9.9	44.2	0	0	0	0	0	0	0	0	0	0	0	0	0	0	0	0	0	0	0	0	0	0.0819749	0.157166	0.411307	0.857025	1.16488	1.39733	1.64731	1.8312	1.41375	1.03484	0.702067	0.573689	0.223577	1.98558	1.71788	1.46649	1.15137	1.14027	0.904955	1.9315	2.92779	2.85923	2.34791	1.89797	1.35783	0.786466	0.41524
9.9	44.3	0	0	0	0	0	0	0	0	0	0	0	0	0	0	0	0	0	0	0	0	0	0.00702524	0.0134691	0.035249	0.246711	0.0998304	0.12549	0.141174	0.156934	0.449215	0.583151	0.800199	1.03739	1.28253	1.52605	1.3826	1.27725	1.03359	1.0731	0.947014	2.00156	3.02503	2.95419	2.42589	1.96101	1.40293	0.812587	0.429031
10	43.9	0	0	0	0	0	0	0.0438019	0.0461057	0.06	0.0348988	0.0276126	0.0212125	0	0	0	0	0	0	0	0	0	0.35754	0.447938	0.823815	1.07847	1.29811	1.39435	1.54026	1.63	2.39382	2.51495	2.96246	3.29008	3.99	9.97	8.42599	7.84882	6.50607	5.90344	1.38	1.30618	1.24	1.01748	0.795866	0.581337	0.350119	0.183053	0.134263
10	44	0	0	0	0	0	0	0	0	0	0	0	0	0	0	0	0	0	0	0	0	0	0.119934	0.229944	0.601768	1.13352	1.7043	2.04289	2.41012	2.67917	2.19248	1.87597	1.30704	1.21308	0.804899	3.25984	2.61893	1.978	1.4432	1.23605	0.672666	0.707677	0.741657	0.724288	0.594764	0.480786	0.343961	0.199225	0.105187
10	44.1	0	0	0	0	0	0	0	0	0	0	0	0	0	0	0	0	0	0	0	0	0	0.126724	0.242962	0.635836	1.20668	1.80078	2.15855	2.54656	2.83084	2.2945	1.92723	1.33119	1.21519	0.765375	1.90819	1.59262	1.2737	0.971641	0.911718	0.634317	1.09189	1.53599	1.50002	1.23177	0.995721	0.712352	0.412599	0.217845
10	44.2	0	0	0	0	0	0	0	0	0	0	0	0	0	0	0	0	0	0	0	0	0	0.0819749	0.157166	0.411307	0.857025	1.16488	1.39733	1.64731	1.8312	1.41375	1.03484	0.702067	0.573689	0.223577	1.98558	1.71788	1.46649	1.15137	1.14027	0.904955	1.9315	2.92779	2.85923	2.34791	1.89797	1.35783	0.786466	0.41524
10	44.3	0	0	0	0	0	0	0	0	0	0	0	0	0	0	0	0	0	0	0	0	0	0.00702524	0.0134691	0.035249	0.246711	0.0998304	0.12549	0.141174	0.156934	0.449215	0.583151	0.800199	1.03739	1.28253	1.52605	1.3826	1.27725	1.03359	1.0731	0.947014	2.00156	3.02503	2.95419	2.42589	1.96101	1.40293	0.812587	0.429031
10.1	43.9	0	0	0	0	0	0	0	0	0	0.0250563	0.0299589	0.0387182	0.0598927	0	0	0	0	0	0	0	0	0.17845	0.223568	0.411171	0.538273	0.647896	0.69593	0.768756	0.813543	1.37731	1.46979	1.81542	2.03882	2.55542	4.29231	3.64369	3.43971	2.90457	2.58401	0.683775	0.649561	0.618892	0.507829	0.397222	0.290149	0.174747	0.0913631	0.0670113
10.1	44	0	0	0	0	0	0	0	0	0	0.0385259	0.0498768	0.0697403	0.100062	0	0	0	0	0	0	0	0	0.0860504	0.16498	0.431756	0.813274	1.2228	1.46573	1.72921	1.92224	1.94959	1.81095	1.78717	2.00463	2.02757	4.59232	3.63994	2.7749	2.00616	1.58501	0.747832	0.710416	0.674102	0.658315	0.540589	0.436993	0.31263	0.181078	0.0956058
10.1	44.1	0	0	0	0	0	0	0	0	0	0	0	0	0	0	0	0	0	0	0	0	0	0.12339	0.23657	0.619107	1.16618	1.75341	2.10176	2.47956	2.75636	2.1637	1.71843	1.13728	0.971049	0.473991	2.68938	2.17631	1.79339	1.24221	1.06926	0.618249	0.356794	0.103041	0.100628	0.082633	0.0667976	0.0477879	0.0276791	0.0146141
10.1	44.2	0	0	0	0	0	0	0	0	0	0	0	0	0	0	0	0	0	0	0	0	0	0.0853077	0.163556	0.42803	0.809183	1.21224	1.4532	1.71429	1.90565	1.44952	1.0384	0.681629	0.531603	0.149045	1.96953	1.53173	1.25621	0.740166	0.587115	0.202276	0.80467	1.38932	1.35678	1.11415	0.900638	0.644328	0.373199	0.197042
10.1	44.3	0	0	0	0	0	0	0	0	0	0	0	0	0	0	0	0	0	0	0	0	0	0.00647922	0.0124223	0.0325093	0.0801355	0.0920713	0.111108	0.130202	0.144736	0.409117	0.529974	0.726312	0.941149	1.16288	1.26769	1.00187	0.863421	0.511988	0.428313	0.194646	0.772116	1.33257	1.30137	1.06864	0.863853	0.618012	0.357957	0.188995
10.2	43.9	0	0	0	0	0	0	0	0	0	0.0312213	0.04042	0.0565174	0.08109	0	0	0	0	0	0	0	0	0.040144	0.0769661	0.201422	0.379406	0.570457	0.68379	0.806706	0.89676	1.09494	1.10248	1.25202	1.49375	1.65996	3.7206	2.95961	2.41267	1.76865	1.31765	0.64872	0.668085	0.68688	0.670794	0.550836	0.445276	0.318556	0.18451	0.097418
10.2	44	0	0	0	0	0	0	0	0	0	0.0325336	0.042119	0.058893	0.0844985	0	0	0	0	0	0	0	0	0.0502249	0.0962936	0.252002	0.474682	0.713708	0.855502	1.00928	1.12195	1.26457	1.23249	1.32883	1.55158	1.67119	2.10307	1.74722	1.50506	1.26272	0.979407	0.666599	0.683275	0.69946	0.683079	0.560924	0.453431	0.324391	0.187889	0.0992022
10.2	44.1	0	0	0	0	0	0	0	0	0	0	0	0	0	0.104987	0.078979	0.0544471	0.0330145	0.0228621	0	0	0	0.0917701	0.175946	0.460454	0.867331	1.30408	1.56316	1.84415	2.05001	1.64969	1.30646	0.937123	0.844103	0.508359	2.40918	1.92461	1.7009	1.19234	0.87906	0.453103	0.279247	0.110513	0.107925	0.0886246	0.071641	0.0512529	0.029686	0.0156737
10.2	44.2	0	0	0	0	0	0	0	0	0	0	0	0	0	0	0	0	0	0	0	0	0	0.0887175	0.170094	0.445138	0.838481	1.2607	1.51116	1.78281	1.98182	1.63489	1.26033	0.996342	0.936732	0.645762	1.94842	1.51815	1.34252	0.781628	0.589767	0.211543	0.163517	0.116905	0.114167	0.0937509	0.0757849	0.0542175	0.0314032	0.0165803
10.2	44.3	0	0	0	0	0	0	0	0	0	0	0	0	0	0	0	0	0	0	0	0	0	0	0	0	0	0	0	0	0	0.292377	0.442897	0.659545	0.880748	1.12596	1.82201	1.4201	1.2246	0.70964	0.552899	0.199602	0.783987	1.35115	1.31951	1.08354	0.875898	0.626629	0.362948	0.19163
